50 860.97
450 505.85
850 386.29
1250 358.71
1650 251.43
2050 256.77
2450 229.72
2850 235.15
3250 168.17
3650 152.26
4050 145.67
4450 150.03
4850 167.51
5250 144.98
5650 157.39
6050 121.42
6450 131.01
6850 105.88
7250 119.45
7650 108.03
8050 143.55
8450 111.33
8850 107.54
9250 92.02
9650 112.6
10050 102.3
10450 94.12
10850 102.36
11250 102.26
11650 94.43
12050 87.08
12450 89.49
12850 85.4
13250 84.51
13650 85.61
14050 82.17
14450 83.93
14850 89.81
15250 79.43
15650 82
16050 81.19
16450 79.62
16850 79.62
17250 80.31
17650 79.04
18050 81.74
18450 78.78
18850 80.6
19250 79.81
19650 79.13
20050 79.27
20450 79.71
20850 81.15
21250 79.12
21650 79.26
22050 79.12
22450 79.35
22850 79.14
23250 79.39
23650 80.1
24050 78.49
24450 79.86
24850 79.19
25250 78.23
25650 80.26
26050 79.83
26450 79.05
26850 79.62
27250 79.17
27650 80.14
28050 80.54
28450 78.57
28850 80.49
29250 78.96
29650 79.78
30050 79.49
30450 79.15
30850 78.71
31250 79.66
31650 79.31
32050 79.51
32450 77.89
32850 79.2
33250 79.11
33650 78.81
34050 78.41
34450 78.82
34850 77.99
35250 79.3
35650 80.08
36050 78.52
36450 79.96
36850 80.1
37250 79.45
37650 79.62
38050 79.06
38450 78.94
38850 80.75
39250 80.14
39650 79.65
40050 79.36
40450 78.67
40850 79.95
41250 79.58
41650 78.29
42050 78.63
42450 78.81
42850 79.54
43250 79.27
43650 78.73
44050 79.3
44450 78.72
44850 80.26
45250 80.61
45650 79.96
46050 78.74
46450 80.24
46850 79.55
47250 79.39
47650 78.94
48050 79.02
48450 79.64
48850 78.58
49250 80.15
49650 79.59
