50 95.14
450 68.97
850 62.81
1250 67.54
1650 81.86
2050 67.5
2450 74.89
2850 59.35
3250 62.08
3650 58.8
4050 54.12
4450 62.22
4850 78.34
5250 59.76
5650 53.9
6050 53.22
6450 53.98
6850 54.87
7250 46.89
7650 47.05
8050 46.98
8450 48.91
8850 52.5
9250 45.67
9650 45.52
10050 45.73
10450 45.29
10850 45.66
11250 46.21
11650 45.25
12050 45.85
12450 45.72
12850 45.83
13250 46.06
13650 45.34
14050 46.05
14450 46
14850 45.71
15250 45.78
15650 46.61
16050 44.48
16450 45.1
16850 45.62
17250 45.77
17650 45.33
18050 45.65
18450 45.99
18850 45.85
19250 46.57
19650 45.72
20050 45.74
20450 45.73
20850 46.36
21250 45.98
21650 45.88
22050 46.53
22450 46.26
22850 46.05
23250 46.39
23650 45.74
24050 45.47
24450 45.93
24850 45.95
25250 45.75
25650 45.56
26050 45.69
26450 45.73
26850 46.67
27250 46.95
27650 46.1
28050 46.06
28450 45.88
28850 45.32
29250 45.87
29650 46.06
30050 44.71
30450 45.49
30850 45.23
31250 47.05
31650 46.2
32050 45.5
32450 45.57
32850 46.3
33250 44.79
33650 45.04
34050 46.67
34450 45.81
34850 45.35
35250 46.06
35650 46.46
36050 45.99
36450 45.61
36850 45.95
37250 45.84
37650 46.12
38050 46.11
38450 46.08
38850 45.88
39250 44.78
39650 45.99
40050 46.44
40450 45.98
40850 46.1
41250 46.14
41650 46.14
42050 46.16
42450 45.82
42850 45.23
43250 45.85
43650 45.7
44050 46.55
44450 46.03
44850 46.39
45250 46.05
45650 46.29
46050 46.49
46450 46.17
46850 46.17
47250 46.84
47650 45.65
48050 45.87
48450 46.26
48850 45.84
49250 45.32
49650 45.26
